MSE: 0.0006079815157069043
RMSE: 0.02465728119049025
MAE: 0.01941261222242414