MSE: 0.002087469434088331
RMSE: 0.04568883270656333
MAE: 0.031923245996843395