MSE: 0.0012089352201453349
RMSE: 0.03476974575899765
MAE: 0.025458860450925203