MSE: 0.0004772731042055684
RMSE: 0.021846581064449613
MAE: 0.01740287704020736