MSE: 0.001139937018892622
RMSE: 0.03376295334967932
MAE: 0.026593842576498626