MSE: 0.0013271166686703389
RMSE: 0.03642961252429593
MAE: 0.027699499388472007