MSE: 0.00036043814712434296
RMSE: 0.01898520864052705
MAE: 0.014856188519639688