MSE: 0.0011101150497480983
RMSE: 0.03331838906291987
MAE: 0.025827437038691923