MSE: 0.0003547753895524194
RMSE: 0.018835482195909383
MAE: 0.014914767808725991