MSE: 0.0012405137604827516
RMSE: 0.03522092787651614
MAE: 0.028256465149333686