MSE: 0.0013582858149303709
RMSE: 0.036854929316583566
MAE: 0.028785435036320847