MSE: 0.0015320863262881332
RMSE: 0.03914187433284376
MAE: 0.029253612884824094